1111 01110001 00110 00010 00110110

110011 0110 110011110011,0110111001011011“111100001111οη
che la dupla sesquiquarta. Ma 0010111111 numam 10 vibra-
zioni 11001 001111, che 001 1001101 11 1000 10 11 1100000110-
0101011101 101101100000111110, 01101 1001110 0010010 ambiguo
se vero fusse 011οκ11 001111 11011· 011111 0111 10011 1100000 011
0101001100 1001οο100010 0001010111 111111110οἱ 111 000110110111
0111 grave, se le 00110 001101000ιί 0010011010 101000 01 01100.
001 111 0000110 0 vibrare il 0100111010, 000 1011000010 001·
0111010010 100011110 00010, 0011 istesso momento 0110 110011
1011101 0001011 10000 0111110 111011111, 01 10110οο 0100010
· 11110 00110 0111 0110010, 10 0011100010110111001110111 11011100
10 010110 01100001111000110 prime. . ’

51101101110010110000111110οο 001 00101 distinguere 11
001 111 001 10 00110 01101111 11010010 (1010010001ιο 1110001,
che son poi 000110 che 11111000 0011111111000 1 111 1111-
1111111000 00 11 110101001101 000110 010001110, 11 quale 0011101-
101 01 diventa suono. Ma dove 0110 11 10110110 011 0010111111
0011101101 000 1101100 000 001010 01 00011001 11 00011101·
zion del 11110,οᾱ 1000 10 questo tempo 0011 0000 permanenti.
101 0001100100010 01 11000 0 01 111000110οο, 000 01101100 110111
0001 quando 00 00 0010000 111 000 011011000010110111 11
000110 0110 1001100010 lungo 101000, dico mesi ed 1001, si
0110011100000010011111 111 0010110 011001110 ed 101111100011
numerare?

5100. veramente 10 0111001οἰ 0010101010οῑ0 001 111010·
10011000.

8111. 1310100110οε 10 1101 0100, 0 1011 10 0011010010 11
000011111000, 0 11 1111110001 01011110 0 011101 00010 111 11-
01011 di 001111 contemplatione, 1000101111 1111011 10 01 stas:
10011 1110. 1110011110110 000 000 001100110 111 10110 1110110011
001 0110111 111 011000 0011011110110000 011001110, 001 0100·
10111 sopra 10 0011100110 000 10100111, 000111 001 101110 1101,
111 100110 0111001110, 1100111110 0 0001100 00 0111110 010110 ga·

01111110 0 0111110, 0 0010110110 sopra 11 0110111, 11111 0010000
0111110111 1110010110 0011111 111 111 1010 011111010, 0 001 0001·

11001101 1010111111 1’ 0111 1111111111 01011011. 1010101101 11·
00111111 111 011010 0111 0 pii} 10110, 101 11000101 0110 0011100010

 

