121 · 11111111 naara 11111 1111111
11111 111 1111 11111 all. 111111 11111 E 111111111 1111111 01

11111 parallelo 1111111111 1111111, ll 1111111111 111 1111101

1111111 111111111, 11 111 11111111 111 11 1111161111. 11111111
sopra ll 111111111 111 111 11111111 11111 la llll 1 11111111111111,

1111 11 quadrato 11111 1111 11111111 1111111111 111111111111111
111, 1111. E parimente 111 1111111111111111, 1111 1* 11111111 paa-

’ 111 11111111111111111111111111 1111111111

rollaagolo 11111 11111 Gllll. 1111111 11 1011111111111111111
quadralo 11111 FE lla 11 1111111111 pr'oporalorro 1111 11 111111-
polo 11111 11 1111111011 GEll. 11111111 11 1111111111111111111
1111 1111, 111111 1111 1111111111 1111, 111111111 parallelo:

opero ll 111111111111111 11 11111111111111111111 11 11111·
11111 11111111111 alre la 111 1111 (111, 1111 olle la 1111111111

1111111111 111111111111111 11 1111111111111111,1111 11 qoa-
1111111111 quaralo 111, lla la 1111111111 11111111111 1111Ι 11111
111 1111 parto 1111, 1111 1111111111 dimostrato.

L' 11111 111111111111, 111 1111111111 11 1111111111111111,
1111 laroma 1111111111511111111 111111111111111117) 11111
quala 111 prolongato 11111 11111111 11 11,1 11111 111111·
111111 11111 ll, 1111111111111111 11110111 11 11111 llc 11·
1111111 1111 1111111 1111 parabola. 11 posta 111111111111111
11111 11111111 Ga, 11111111 11 11111111111 1111 10111 111
1111111 111111 alla parabola, 101 10111, 11111111111111111
11111 1111111111 11111 ll. 1111111111, 111 1111111111, ’1111111
111111 11111111111111,1 prolongata 1111111111111111111 1111
111111111111111111111111111,11111 quala 11111 11 ralla FGE
E 111111 11 1111111111 1 11111111 111 11111111 (111, arap-
glor proportione 1111 1111 quadrato Fll al 10111111 1111111
11 quadr-aro GE al 11111111111111. 11111111, 111111111111111,
11 quadrato 111 11 quadrato 111111 coroa 11 1111111 Ἀθ,
adunque 11111111 11111111111111 11 ΕΑ 1111 11111111 qoa-
11111 GE al quadrato 1111, 11111111 11 11111111 llo al qoa-
11111 DC (1111111111 111 1111111111 llGE 11111 11 GE alla
1111111 11111 so ao 1 111 ma a 1111 aa 1111.
11111111 111, 11 11 1111111111 11111111111111111111111111
llll) a 1111111111 11 111, 111111 10111101111111111111
1 1111111111 11 ,111111111011 111111111111111 11 1111111110

 

