1111111111 111111. 119

81111. Μ1 pare 1 1111 111 pare 11111111111111111111 1111-
111111111, 1 111 11111 11111 1111111111 111 qual 1111111111,
1111 1111 11111 111 1111111111 1 111111 111111 mobile 111 ve-
1111, 11 111111111 1111111111,1111 111 111 111111 1111111
11 1111111 come 1111111111 1111111111 1111 siano sempre
Ι 1111111. .
sm. 011111111111 grazia. Sig. 511111111111111111 111
1111111. E 1111111811. 8111111111, se voi ammonete 11111111
possa oon 11111111111111,11 1111111111 111 11111111 1111 1111111111
111111 111111 ogni 11111 1111, 1111111111111111111111111111
momento 111111 111111 1111111111οεί [111 11 1111111111 11111-
11111111,111111111[11111111111111 111111 11 1111111 1111111

Suo. 11 111111 111 si 11111 1111111111, 11 11 111 111 1111-
111111. ’

’ 81111. 1111111 111 111 Ι11111111, 1111 1111111111 11. 1111
passi 11 11111111 gradi, or 111111111111111111, 11 11111, 11
1111, 1111111, 111, 1111111-11111111 1111111 1111111111-
11111411111 passam) 1111111111 tempo: 1111111111 111-
1111111 1111111 1 istesso 111111 11111 1111 111111 mobile: cosi
11111111 11 111111, 11 11111 1 degli 11111; 111111111111111
111111 1111111111 111 11111111 11111111 11 11111111 gradi 11111111
11111111111111111111111 11111111 1111111111 11 11111111 1
1111 11 11111111 1111111111111111111 111111 111 1111111111,
1 1111 11111 11111. 111 111 11 1111 111 11111111111111, che si -
11111111 11111111 11 11111111, 111 1111111 1111 11111111 1111 si
11111111 11111111 11 1111111111, 1111111111 1 111111 11111111
11 1111111111 111 11111111 1111111 1111111111 11111 11111 ,111-
11111 11.1111 11 1111111111 111 11111 111 111111111111 11111·
,11111111 11111111 111111111111111111 111 1111111 11111 grande
111 11111111 1111111111 111 passure 11 1111111 11 1111111111
1111111111111111, 11 11 somma 111111111 passati 11111
nomm 11111 tempi eguali. E 1111 dunque 1111 11111111 1
11 1111111111 11111111 1111111111 11 moto secondo 11 11111·
1111111 degli archi, ma 111 ,1111 11111111 11 1111111111111
,111 1111111111 1111111111 11111 1111111111 11111111111111111-
1111 11 1111 passati. 111 1111111111 questo 11111 persentire 11

111 1111 111111 11 11111111111 5111811111ῑί, 1111 [111 bisogno
1111111111 11111111. - Τ. xm, 12

 

