118 11111111 11111 11111 11111111

1111111 11 11111 111111, 111 1111111 111 111111 1111111 111
11 1111111111111111111 111111111111111111111, chiara cosa
1111 1111111111 11111 111111 1111111111111111111; 1 111
11 1111 111111111111 11111111111, 11111111 11111111 1311 11-
11111111111.

Suu». 1111111111 1111111111 111 111111111111111 11111·
11111, 111 11 1111111111, 111111 oredo 111 1111111 quasa
1111111111.

sm.. E 111111111111 111 11111 11111 11111111ς1111
1111111111111 111 1111111111 111 1111111111 11 11111111, 1
111 111 111111111111 111 111111111111111111 1 istesso
mobile 11 mezzi di 1111111111 111111111 1111111, 11 1111111111
11 1111111 1111111, quali, 111 11111111, 111 111111 1 11111,
11 1111111111 111 11111111 11111111 1111111111 11111111111111,
1111111 11 1111111111111111 111111 111111111 quana 111111-
qua, 11 1111111111111 ogni mobile 1111 1111111111 111 1111,
11111111111 1111 111111111; 11 1111 11111 falso quanto 1111

111111111111 11111 11111111 11111111. 111 1111111111 111 111
non discendunt), ma 11111111111111111.

5111111111111111 11 necessita della vostra 111111-

guonza; 1 111 11111111111111111 1111111 1111111111 gravi,
1111 1111111111 111111 1111111 111111111, 1 111 11 quelli
111111111111 11111111, 1 111111111 11111 11111111.

8111. Voi 11111111 111 11111111 11 quelle 1111111111111
assolutamente non 11111111111111111 aggravare 11 primo
111111. 1111111111 11 11 1111111111 1111111111. 1 quel 111
11 sia 111111111111 moto, 11 qualche 111111111111111 111-
111111111111111111 meno 11 1111111 ; 1 11111111111111111111
1 11111111111111111.

Sao. 111111, 1 1111111111 oh* 1111 111 proportione 11111·
111;111111111111111111 11 11111111, 1111 discenda 11
11111111 111 1111111ῑί, 1111 11111 11111 1111 11111 1111111111
che 1111 aria.

8111. 111111 111111 vuno 11 quai gravi 111 11111 iugi&
11111111, 111 1111111111 11, qua! 1111111111111111111111,
1 111111111111111111 1111111111 1111 11111111 111 11
11111, 1111111111111 1111111.

 

