01000110 011011. 213

1011110 1; 010 001 000100οῑ0 11 emenone 10 10100110 11000 001
0101001100 temno 101 0001011 001 termine C, comminando
0001010 00110 1110000010 AC, 10 00010000 ὁ iunge 7. 000010
0010111111 10 001000οι0 dolie 100111301111,100111,10
0001 5 ὲ 10 0010010 000010 0110 dne ³ 0 1. 1000100000 10111
11 00011011 101 3 0 dei. 1, 1110 sono 90 lo, 0000011 000010οι1
insieme 10000 25 001 10 00011010 11 AG, ii 00010 0111 100
00011011111111011110110000100 001010010011000010
eii 1010, 0 10011001 1111 10 1011001101 quadrato 25, 0110 e 5.
1101100010 dunque 1010100 010010, qnando 01 (1011110 00000001
10 00001111 1011 impeto 1000110010 10 2 1010011 1011, 000
01110001010 0 101110 nomenniomen 01000100 00000111, 01
deve 111 00100100 1010 3 00011011, 0 componendoii insieme
001101 10 radice dei 1100100010, 10 00010 oi 11011 10 0110011111
11011 1100010 0001010010 11 emenone 000111. 110001 001100001010

0011001101 mobile 0110 10 111111 dei 1010 01010 0010001110Ιο0 ,

0101011110 00100000 00010 1011110010 oon 3 010111 di 10110, 0
001 molo 0010 011010010Ιο 0101011110 00100000 10 C oon gradi 1,
0010010010 000 emenone 01 1100011 000010011, secondo 101111-

010111 1110110000010 AC, ii oolpo 0011 00010 0001101101001-
00110οῑ0 100000 000 gradi 11 di 1101οο111011 10110. 11000010
101 00100000 001011110 1101 0101001100 1010101010111100011

101101100000101113, 001 00001 0010010 0111110011 1100100011 1 ,
0101011101, 000 mai 0100011111 0 1110100111. ,

1000001000 000110 ohe 0100110 001 0010001το 11 01010
011110010Ιο 00001111οο00 00 molo 00100011001010 011 0111110010,
11 00010 00011ηο10010 110110 001010 vada 0011110110οηῑο 000010-
1001001. (110 ὸ manifesto 0110 10 1100000010, 100110110001101
meio 0011100010 di 000011 eine, 000 e 000 11000 10110, 010 ee·
10100101101100, nome si 0 elimosinam 00110 00010 11100010 10
0001010 crescendo, meroide! 00011000 0100010001010110 10-
inciti 1101 00010 00100011001010. 100010 001 determinat 0001
010 1101001010 00 0000000010 00010 di 0000 110000οΙ0 0010-
1101100,οτ101011100000 esnegnnr 10 00001111 11011 1100010 001-
1011110 001100010Ιο 0 001 10100110010001 010 11100010101 00-

10010 0011 0100000010 0001011100ουοο 01 001110101000010 ,

senza 10 considerazione del 100100 1000100101011011010 delia

 

