31333333 331333. 111

33331313 13333331 31113333 111) 31 33331113 11333331311133331111
3333 como 13113333 ΒΑ 3113 1131 3 3333133 1 3333131 333 133

1333 como i quadrati dei diametri, 3333333 33111 quadrati 13
3333331333 33333331333 3133 13 BA 3113 CD: 333 como ΒΑ 3
Gi) 3331 11 quadrato 3111 31 quadrato della E; son-dunque 1311
33331133 quadrati 3333333133311; 3 33331 1331311 333333 33-
33333 3333333133311; 333333 13 11333 1111311313, 3331 11313·
333133 331 33331313 C 31 313333133 331 33331313 Α; 313 come i
¹ 3133333131, 3331 sono 13 3133331333333, 3 come 13 3133331333333
3331 3333 333333 13 superficie dei 31113331 3333133313 3111;
adunque 33333 13 11333 ΑΒ 3113 Ε, 3331 13 3333311313 331 31-
1133331111 3113 3333311313 331 31113333 AF. 1333133 dunque 131·
13333311 3113 ΑΒ 313 come 13 3333311313 AF 3113 superficie
31133 333333 1’ 3113333 ΑΒ 3113 11333 Ε, 3331 13 3333311313 CD
3113 A& 3333, 333 13 3331333313, 3333313113333111 3113 Ε,
3331 13 3333311313 3133113 3333311313 31113 3 convertendo, 33133
13 3333311313 331 31113333 ΑΒ 3113 3333311313 33131113333 CB,
3331 13 11333 11 3113 AF, 3133 3113 0113333333 13 ΑΒ 311311.
3133 3 proportione 33333313 33113 ΑΒ 3113 3113 333 33333311
33 ΑΒ 333133 3333313 3133 11 diametro 331 3333313 C 31313·
333133 331 33331113 Α, 3333333 13 superficie 331 31113333 3113
333113 3311333313 CI) 313 como 11 31333133 331 31113333 CI) 31
1113333133 3311111, 3133 3 quello 3133 1313333333 provere.

033 33 331 3331133333333 questo, 33331 3 dimostrato, 31
333133 proposito, 33333333313 3133 quel 31113333 31 argento 3113
113 333313, mentre 333333 313 lungo 31 mezzo braccio, 3
333333133 ο 33331133 33113313 331 3113 3311133, 3333111311313
3113 1113333331 33 3333113 31313 3111333313 3133 13 3331133113
13333313 (3133 33331333 333133 3131 33331), 1333333333 13333 33-
33311313 33333 333331313 ungento volte 313 31 1333113 3133 333;
3313-3333333333333 333113 133113 31333, 33313333 33333333313
31331 13 numero, 313133313 3333311313 3333313 33113 3333331333,
31 33333333313333113 333333 13 3333311313 33113 13313 13333-
313 31313,333133333 3113 grosso 3133 13 3331331333 33313 31
3333333113 3311* ordinario oro 13311313. (13331333313333 331 qual
313 13 ’333 331113Ιί3333, 3 33 3 3333113113 3333331313 13113 senza

333 13333333131333133331 333113 3 33 questa 31 3333 333
11333333 11333331. - Τ. 11111. 8

 

