158 numum 11111111 Nvovfl sclam

111111. 111 11111 11111111 111111111111111 (che 11111 1111111
1 111111111111111111), 111 parocho 111 111111111111 111 1111-
11111 11111111 penetrare 111111111111.Ν111111111111 11111111
111111 1111111111 1111111111 111111; 11 1111111 (111 1111111111
11 1111111 111 11111111111111 11111 11111111111111, vien (111111-
1111111 11 1111111, 1 111 111 11111 1111111111, 11111111 111 1111-
111111, 1 11111111111111111111 accelerato: 111 essendo 1111 11
1111111111 1111111111111111 (1111111111 11 11111111, qual 11-
111111 111 1111111111, 1111 111 111111111111111111 (111 una 111-
11111 11111111 (111 1111 1111111111) 11111 11111111111111111 11
111111 11111111 (11 11111111 1111 1111 11111 1111111111, 1111111111
111111 111111 111111 1111111 1111, 11 11 mezzo. di 11 1111·
1111111111 111 11 1111111 11 11111 11 minori 11 infinito? 31111111
11 1111111. 111 111 1111111111 111 11111 renitenti 1 1111111111ιέ
1111 1· 1111111111 1111 111111 (11 11111111 (111 11111 11111111 (11111
11111 111 111111111111 11111 111-1111111111 1111111, 1111 11 (11-
11111111111111 1 11111111 1111 111111111111111,1111111(1111111
1111111111 11111111111111111 111111 1111111111 11111111 111
11111111 111 111, 1111 1111111111 possa 1111111111,1111111 (11-
11111111 11 11111111 1111 ,11111 11111111111111111111111111111
111111 1111111111 1111 1111111 111 (111111 1111111111 111111 111
111111 1 111111 111 11111111.

11111 111 111 111111 (1111111111 1111131111 1 maggiore 11111
11111111. 1111111111 1111111111111111111111111;11111 111 grave
111111111111 11111 11 1111111111 11111 1111111111,1111111111111111
11 11111111. 111111111111111 1111111111 cosa 1111 111 11 1111111·
11111111

11111. 11111111111111 1111111, 811.81111111111,11111(11 11 mo·
1111111111111· 111· 1111111111 111111 1111111111111 111111111111
1111111111 1111 11111 11 11111111111111111111111 (1111111111 11111 1
111 1111111111. 1 11111111 111 1111 1111111 1111111,111111111111111·
1111111111. ,111111 1111111111 1111111111, 111111 111 11111111 1111111111·
111· 11111111 11111111111111111111(11111111110111 poi 111 grave
11111111111 1111 11111111 [111 111111 tempo quanto in 11111
(1111111111 11111111 111 1111111111. si 11 manifesto cosi: 1111111111
1111111111 1111111111 111111111111111. 1111 primo 11111111 (11 111
1111111. 1111111111 1111111111111. 11 1111111111 11111111 1111111 1111.-

 

