01011111 1010101. 133

000110 01ιο 11001001111011110 1110001οι10υο 11100010,
011100110 11110 gravit& 11101111011 1011 101111, 01 101101110110·
1101110101010101111010 1011001Ιο 10111 0 11010 0110, 1111110110
01 01011011 00 01110110 001100010 00110 0111001111,1111101011110
0 1001110110, potrebbe 111 11111110 010110 0111110110 10 1100111-
101110 01110 100110 11111 110100 011 000 0110 01111110 0111010111.
come, 1101’010011110,101010010 001 100111010 000011110,1110-
1010 000 10 10001 00111111001111, 01011001010111100001110111
1110110, 11110111 10110 0110 1101101011ὴο 01110 per 1001110110 10
101 10010, 1101ῑο1011110 000010 (10101011 1100001110 11 1100101111
000 001 100110, 010 1111 110100 11100 degli 01110101.

8100101101011011 1101110011 110 100011010 1111101110
00110 100 1100111001 101001010110.

8111. 1111001110 10111101110 000 ὁ 1100110010010 11110110,
1101011101ωο 00101 01110,10 000 11 100101 101011000 per·
01111 0100001111οο 11 11001011 0 1010110110 1000010 10 01001
00110111001111 101 11100, 01011 1001010 11101 111 1100001110, 010
00101000001100 1101010 00 10010 001 regione generale, 11· .

(1000010 10 01010 1110 1010 11111 1001110, quando 1’ 0110110110

101111001001011001011111001111. 11 101110 (1001110 0111110100
querele 001011 1111, 1100100010 10, 110110 11 1100001110 001
0100100 10 11110 100110, 1000010 1101 1010001 10011110 001101110-
nire. 101001011ωο 1011110110 10 10111 1 1111.

8100111111 111101001111100110001111101111011 11, 1111100111
10 100 1000 1000100110οο 10 00110 0101011 1001011100 momento.
010011010001011 1001011 1000 10010 r· 01100110 111111.

8111. 01 101010 1101010 1000 10 1110010 101101100011001,
0 0001100010 0001010 0 01100111011000 00011000 00111 1101 000
1100011010. cotesto 0110101 1111, 0 0110 1011100010 001 1111010
11110110 110 10010 101 verisimile, 101111101101101 o 1001010110,
0110 1100010 11 1100001110, 0110 e 11 10101010οῑ0 10110100 1010,
110 110110 0 000 110110 001 100110, 11 101 1111011111, 0110 11
1100110 10111 0110 1111101011δο 1101 101 10 11011000 001 100110,
(1010010101110 10 (10110110 0111010010, 10110111 000 11011011
101111110011000 (1001110 10110 10010, oe 11001, oe 00010, ne
101110. 1110100 sopra 0111000111 (10110 0001110111100 10001110,
01101 1011010011Ιο 11001100101011010011000 10111 1101110111ου0.

 

