13 13133333( 33333 ((3313 eciem

versi (33133313 quiete 13 3333113333 3 313, 333 (3133333333,
13333 331133 3333333331 33113 strumento (1313311 (13113 331333
333131 1133, 31313 31 (333113 333313331133133133333 13 33333,
13 (33313 333 333 33331 angusto 333313 31333333 3113 133
133333, 3 3331333113 3 33313 1333 3 mendeno fuori 33313
33113313 313313 33113 (33313133 31 33311333, 3 veniendo 331
33313 3 33113, 31133 33 3113333333, 3333333331· 333 1313 3313
33 313 or 33333 gravi 3311333133, 33 3 13313333133113 equi·
1133333333311.

Siue. 1333333 31133 331111313 ingenuei alcuni amici,
appresso i queii mi 333 (331313 31 3133333 (333113 33113 31
, 3333 31 3133313 3331111313 333 133333. ed avendo 3333333 uei
13333 331 vaso 333 33313 (133333 331313, 3 sopra queiia 33113
· 33133, 333313311333 13 33113, 3133 3 13333· aeque 31 13333333,
3 331313 331 13333 o 33331313 33 3113 331333331333133331
3113 3331333. (333 (11333333 331 mezzo.

83331133 e coteste 3333313333 priva di 31111133 3333131
13311333331 331 medici 13 33311331333 33113 diverse (33331113 (11
acque, e 133 1· 31133 331331331333313331131333333333 3 3333111
313 31 (3333133133 di quella, 333 333 simii 33113 3331331313
3131333311333131333, per 33313133, 133 13 33333333 3 11 se·
113313 un'ecqua, perminima che 313 13 3111333333 31 3333
133 tineaeque, se in 333131 33113 33333333, 331131133, 3113
313 3113 grave, 3311331. Ε3 (1 131333313 333113 331313 3333313333,
3113 13 giunta di due grani di 3313 solamente, 3133 31 mei·
1333 13 331 11131333 333333, 1333331133 331 13333 3113 33333·
11313 (333113 33113 3133 vi 333 333 311333 33333. Ε 3113 vi ve·
3113 3133 13 3331333331333 3311333113333 31 queste 3333313333,
33 insieme per chiara prove delia 33113 3331313333 3311 aeque
311 esser divisa, 3133 333 solamente 1“ 1333331313 333 13 mi·
stione di qualche (33313313 3131 grave 31 131 induce 13313 33·
131311 3111333333,33311(1333133313 3 (3113333333 33 3333
produce 11 1333331333 3113113, 3 333 31 3311113 ο3333313333,3133
1“ 13133333 (3331133 33331313 (131133 acqua un 3333 313 33133
(3 333 3333 3131 133333 (13113 331 11131333, 1333 3133 13 33113 vi
333333 3 vi sormonii: vi 33333333 1313333333νί 13 33133, 3
(33313331 333· 1131331333 33113 133333. Or (33313333313313-

 

