0101111111 10111. 311

010 piri grave; 1 001110 10111 1011110 01000111011, quanio 001
01001111 11111 (111 0101011100 0110011001010111 breve, 11010 001
1000011110, oon proportione contraria, vi si 1100101, 001 111
Ι· 1110110, gravina maggiore di peso morio premente. 1011011111
11 1011111011,1110110 001 0101011100 11010010 (101 0110,· 01101
1110 0110 000 00111 esser superata (11 meno (11000101111111111
peso 100110 0101111011. 0 0110 110010 (101 00100111010 111 1011-
010011 diesi libbre‚ e che 01110010 (1111* 1110111, v. 0., (11 quat·
110 11110011101001 11 0110 (0011110 (1111. Qui 0110111111010101
1010110110 0110 11 0010110110 (11101 11111111, (10110110 011111 1 001-
0001110010,111111111111110(11 111 01001110 00 peso (11 11111111 01010
10011 00 01100100110110 11110, 1110 11 101100011111111110-
00011 (11111101 0101111001, 001 10 cose (110111111ῑο (11 sopra, 0
011111011 10111 01 10011 10 1111101 00100011001011100111111110
(11 peso, ohe neii' 1111100 00010 10011 00 piano (111οη011111
decupla 1111 101 00101011001110 0111111001; 0 pern se i' 1010110,
0111 acquiris ii cadente per qualche 10111010010001110010, 11
1001101111 101111110 00 11110 1 se eguaie in 1011110011, 1’10
1011110111 011 11110111010 1011101 1111000110 1 1111 1011110011
del 01111010 (11 (11001 11111110 1 001000110010 001111 101111010·
(11010111 01010 11111111 sopra ii piano (11 1000111111 (10000101111
101 00100011001110 010011100ος 1100000011011111 0010 (11 (11101
11111110 011 (001111111 101110 perpendiooinre, 1’ 1010110 111010001-
11110, 01100110110 11 peso di 01010 11111111, 10 0100011001 ai·
110111010 101110 sopra 11 piano inclinato, 11 quain 10111011-
100011 1· 1110111 00100011001111 grande, 001010 i 11 (1101011
01111 (11 1110101110 100110110. 11 gii si 1100001010 di sopra
0110 1110111 00100101 01001110 00 001010011 00 01100 in·
0110110 i basianie 1010011110100110 00111011000111001111 0110
111000101110101111000 (11 0110 piano 100110110, 110011 011·
00011001110 001 presente 0110 i 11 decima 01111 (10110101110
0111110 1011 inclinata, ii 001101 1001101110 1011101011101-
1111 ,1111 011010 0010 (11111001 11111101 adunque 1 1010110110 0110
11011011111 0010111 diesi 11111011111 01111 00100011001111

1111111010 1 101Ιο1110 11 0010 (11 00010 11111111 00100111011-
pandioniam, 101 1010 011 10 101110 (10111 decima 01111 110111
10011 dei 01111010111 (11101 11111110.111000111 10111 0110 pun

 

