31311111 111111. 77

celerato 3331313 33331133313, 31311, 3113 13 131331 333311 31
13333 33313313 333311 11 33311 momenti e 31311 11 13133111.
E questo si dee 13133131 13111133131 1311313113 3113 31 113133-
1333313 13111 gl'impedimenti 33311331311 31 33131311 113 1
quali uno 13 33 1133113331 rimnover non pessimo, ebe 1
1’ impedimento 131 133113 31333, mentre 131 mobile 3313313
1313 33331333311331313131313313 313333, 313331 13313 1133131·-
3113 11 133333, 11333111 113113, cedente e quieto, 31333333 333
1331313313 31 3113313 31 31 3133111313 3 memore, secondo
ebe 133131333133131333133313 31 1313 3311131 331 1313 11
11333113 31 mobile, il 33313 perebo, come bo 13113, 31 13 331
333 331313 33311333313313 33331313313, vien 33133333333313
3113333113133311333133313 1331313333 maggiore nel mezzo.
333111113113313313 3 113113331333 3311 33331313 di 33311
gredi 11 13133113 31 3113 1331313313 13 13133111331113333131
segne, e 13 13313133331311331133 131 313313113, 3113 111133-
31331331 1131313 131333 11 311133331313131,31113333311 mo-
bile in un moto 3333131331 uniforme, nel quale egli 33311333
331 11 31331333131 3331313. b dunque nel mezzo 33313331133313
11 1331313333, 333 331311131 31311 13 3333333313, 313 percite
31311313 1313133111333 1331131331 1313 3311131 3 1313131·
313313 133313131 persedere il passaggio 31 3313313, 11 33313
13 3333333113313313 3333131331331. 013 11 131313 3113 13 13-
3131331313113113 31 3333 momento 13113 1333133 e grandis·
sima, 31 313133 peso 131 31331113 13133311331133, 3111313331
331 131133 31133111 13 11133313333 131 13113, 333 l' 31133313
31131333133313311331313 3331313, 313 ben 3333 31 31331113,
13 13133111 1313 31 3313333131111313.133131333333333133113-
31313, 3113 331 133313,1313, 3 331 33331 13333 3 331 31113, 333
insse 1331313313131333 3113 3313333 3113 1313311113131313,
31 obe 1113111 i mobili 13 131331111333313311, 33113313 33-
331333313331331333333331 le proportioni 13113 13133111 11
mobili simili e dissimili nell' istesso 31 13 1113131 313331

31331, 3 3311 resistenti. E cib oonsegniremo 331 331 313313 ¹
quanto 13 3131111 131 313133131133 3113 31311111 131 mobile,
13 quel 3131111113 3113133313 331 quale il mobile si 13 311313
11331333313 13 33111 131 133113 3113 bande, 3331311133 obi·

 

