161 11111111 1111111 111111111111

111111, 1111111111 1111111 1111 11 1111111111 11111 1111111111·
111111 1111111111 111 1111111,111111 11111 11111 boo 1111111
1 11111, 11 11 mobile di 111111 111111111111111111111111111111, 11
1111111 11 11111111-1111111111 ooo 111111111111111111. 1111111111
111111 1111111111 111 impedimenti, 11111111111111111111 111111
11111 (1111111111, ohe 111 111111111111111111111111111111111,
1111111111 111 1111111111, CI), 1111, 111111111111111 1111111111,
1111, 111 11111111 1111111. ’ - ·

8111, 1111 1111111111111111111111 (1111111111,111111111·11
1111111111 voglio 1111111 1111111111111111111111 11 111111-
1111111, 1111 poco 111 11111111 111111111111111111 1111 1111111-
11111111 (11111111111111. 1111111111 (11111111111111 11111111-
1111 111 111111 111111 111’111111111,·1,111 uo 11111111 11111 11
1111 11111111 1111 11111 111 11111111 111 1111111 1 ouo, 1111111
1111111111 1111111 11111 due o 111 111111111111111111111111
111111111111, 1 11111 1111111111111111111111 111111111111111
11111111 1 11111111 11 111111111111 111, 1111111 1111111111
111111 111111 due (111111111111 111111111111 111111111111 111
11 1111111 Ac, insoluto 1111 11111 1111111111,11 11111 111-
111111111111 1111111 11111111111111111111111 11111· CBD, 1111
11111 1111111111Υ 11 1111111111, 111 1111111111 111 111111 111)
111111111111 1111 1111111111 1111111 1111111111111-111111111111
11111111111111111111111111 1111111111, 1111111111 111111111111
111111111 111111111111111111 1111111111 ’1 1111 111. 11111111 111-
11111111111111111111111111111, 111111111111 1111111111 1111
11111 Β 111111 11111 11111 11111111 111 111111 CB, 11 111111,
1111 1111111 11111111111111 111 uo 111111 otoo 11111111 1111111·-
111111 1111111. 111111, 1 1111 11111 1111111111 111111 1111111111
vogno 1111 1111111111 11111 111111 1111111 11 111111111111 AB
1111111111, 11111 11 Ε, 111111 11 F, 11111111111111111111-
quo 1111 (1111, 1 questo 1111111111 11 1111 1111111111 111111
111111 1111111111 11 11111 G 111 11111 CB, 111111 1111 1111
11111 B. 1111111111 11 1111111 11111111 11, 111 1111111111
comminare 111 111111111111111 BG desumto intorno 11111·
11111; 11111111 1111111111 111111 1111 11111 1111111 111111111ω
11111111, 1111 1111111 111111111 111 111111111111111111111,11-
111111 1· istesso 1111111111 11111 1111 111· 1111111 11111111·

 

