11111111 111111. 1113

111 11111111 11 quinta, dalla 111111111111; 1111111 1111111 sopra
11 11111111111111111, 1111111111 111111 11111111111111
11111111 1111111111 1111111111 11 mezzo, si 11111 1111111,
11111 1111111111 111111111111 1111111 1111111 11111, 111-
11111 11111111 poili 111 11111, ci 11111 11 1111111 111 11
11111111 111111111111111111111111111 111 11 111 1 1111.
111 1111111111 11 1111 11 111. (111111 ragione, 1111, 111 111
111111 concludente per [11111 1111111111 111111111111111111-
111 1 11 sesquialtera 1111111111 11111111 111111111111111 11111

1111111111. 11 1111111111111 111 1111. 1111111 11 11111111
1111111111 111 1111111111 111111111 11 111111 11111111; 1111
1 11 1111111111, 111111 11 11111111 pinno vogliamdir 1111111,
11 111111111111111111111. 1111111111 11 1111111111 1111111111
1111111111 11111 11111,11 11111111111111 1111111, bisogna
1111111111 11 11111, 111111111111111111 111 1111111111
11111111111 1111111111 1111111111 1 1111111111 1111111111111
11111111 11111111 111 1111111 111, 111 111111 1111111 11111·
111 111, 111 11 bisogna 11 quadruplo, 11 11111 1111111111 11-
1111111 peso 1111 11111111, 11111111 111111111111 1111111
111 1111111111 111111111. 11111111111111111111 1111111111
1111111111 111111111, 11111111 111 11111, 111 111 11111111
1111111111111111111, 1111 necessario 1111 1111111 1111 11
111111 11111 11111 1111111111 111111111 1111 grave. E questo
1111 11111111111111, 11111111 11 111 111111 1111111111111-
1111111111 111111111 11111 11111 1 11 1111111111 111111-
1111111 1111111111 11 111 11111 1111111111, 1111111111111111
111 11111 1111111111 1111111; 1111111111 111111111111111
1111111111 111 11 1111111111 sesquialtera, 1111111 11111111
11111 1 111 11 11111111, 11111111111111 11111 1111111111
11111 111111111111, bisogna duplicat 11 1111111111111111111-
1111 1111111111 11 dupla sesquiquarta, e 1111 1111111111
1111111111 11111111111111 11 peso, 111111111111111111 111
111,1111111;1 quanto 1111 1111111111, 11111 11111 grave
1111 111111 111111111 1111111 11 1111111111111111111111·
111 1111111111 111111. 811111 111111 verissime 1111111111,
111 111 111111 1111111 ragione 1111111111 11 1111111111111
1 sagaci filosofi 1 1111111111, 11 111111 111111111111111 111 11

 

