00000000 00000. 157

0000 00 001 palmo 10 100000 0000010000 000110010, 01 00010
0000 01ιο 00001 00100000010100100100000011 1100100100-
01000, mentre 010 11 00000 01 mostra un 00000 0010010 00010
001110 000 0000 00100111.

8000. (100010 1 000 10110 11100111, 010 0 000 000000 00
11 001001010101100110 0000000, ma 000 010110 100010 010000-
01; 01 11 01000οο0010 10 0110110101100010010000000010000010
11 presente 0 001 10 0000110. 1101 1110 0000001 010 100000100-
00 0000101, 0110 000000 000111001 11 0000010110001010, 00101
10 000 100110 00101110 00100111; 01 10 1100 0110 questa 00010·
01000 0000010000 01 0101001000, 1 primi 1000011 101 0010010100·
0101 gravissimo, 0000010011001001 0 tardissimi. 1100010 00 00000
00000 000 materia 0010010, 1000100100οΙ0 110 che 000000
000010 0011 001000 10 000 00001100 00001110 1 0000110010,
01ιο 0100101010 nn 1000010 0 100, 10001001010 001 001000 00·
000 10 0001001000 01010010, 1001 000 10 00000000 nuova 0000·
01000, 0000010000101010110 001000 001 0010 00000 0101-
10110 0001 000100οῑ0 101 0001110 0010010 0000100100οο 10
001001110001000010 00110Ι 001010, 11 00010 0110110 0001 011 0
011 000010, 0000010010 da 1000001000 0110000 0000110 000-
00000, 0101 0000010 010 10 00100111101 0000001001000010100-
01000. Quanta dunque sia 10 0010011111 un 00000 cadente,
10 00100010 001 00000 000000 000011011000001011000011110
00001111 10110 00000000. Ma 1110011, signori, quel mazzo 010
10001010 001000 00000 00 0010 101101100ιο 1100011001000010

10 1100010 10000, 0. 0., 00011001110, 0000010 101101100ιο 11 -

100 100001010000000100001 manco, 0 meno 101101100ιο 11
000, 0 000οω 10 00 001000; 0 110010000ιο 001Ιο0001010 00
1110, 0100 1001 11 0111, 010 00 00000 00000000 01 10000 00010
00000100010 0001100100, 01 0000001000101 10110 10000001111110
00001010, 00 01 elevasse 0000101 000000 00 100110. E 000011
10110110 10110 00000000 01 000010 1011000100111101 0001001000
00000010010, 011 00001 10111000 010 1001100100 010 11 000100
0110110 minima 10 00100111, 1000 ’100000010ηο 000 010 im·
0000011111101 1101000 000 quanta 010 1010000101Ιο 000111,
mentre 1’ 1010000 0000010000, ohe 000000 001 primo 0000110
1100010000 000 0000, 0000110 considerata 01 00010000 101 000-

 

