11111111 11111. 317

a 11111111111111111111111 1111111111 1 (111111 11111 (11111
1111111111 111 obe, aggiunto 111 111111, questo nuovo 1111
11111111111111111111 (11111111, separando 11 111111111 11
gravit& 11111 111 11111111111 11111 111111111111111111111111
111111 11 1111111,1111111111111 11 moveri 11111 11111111-
1111111111111, 1 11111111νί11 11 11111111 11111 11111 1111-
1111111,1111111 tangente di 11111 1111111111111 11111111
11111, dove 11 1111111 1111111111 11 gravio 11111 gron mo·
1111 (1111111111111111, 11111 1111 l' 1111 1111111111 111-
11111111, 111111111111111 111 1111111111111 peso, 1111 11
grandissimo 11 1111111111 111 111111111111111111 111
111111 111 1111 111111111 111111 1111 11111 111111111111
peso 11111111,1111111 questo scendo 111 un luogo 1 111111
111111 1111 111111111 1111 111 11111111 11111 111111 1111· 11111
111111, 1111 1111 11111111 11111111111 11111111,1111111 modo,
secondo 11 111111 minore 111111 acutissimo. Qui seio 111111
1 (1111111111 1111111111111111111 111 11111 geometria.
11111111111,1ο(11 1111111111 11 mobile 1111 imo 11111 111
11111111,111 benissimo 111111111111111111111 11111 11111
11111111111 11 11111111 punio 11111 1111111111111 11111111 111
11111111, 111 1111111 (111111111111111111111111111111 111111)-
111111111111 11 111111 1 questo 1111111111111111111111111
11111 luogo, 1111111 11 1111 111 11 11111111 il 11111111. 111
111 111 1111111111 11 111111 avete 11111111.Ε1111111111111
11111111111 111 111111 1111 1111 gran 1111111111111111111
1111111,11111111 11 11111111111111 11111111111 11111111 111
111111111111111 egli 11 111111 a 11111111111

111. 1111111111 111 mi 1111 ohe oi 11111 1111 luogo 11
11111111,1111111 1111111111111 111111 1111111, 1111111111
1· 1111111 1111111111 11 1111111111 111111 1111111 1111111111
11 mio 1111111111 1 1111111111 molto 111111 tenebre, lo quoii
11 longono 11111111 11 modo, oho non discerno 1111111 11·
11111 11 11111111111111 11111111, 11 1111 1111111111 1111111111
111111 1111111111 mi 11111 111111111.

Siti. 111 111111 1111 11 11111 111 11111, vogno 1111111νί
11 11111 equivoco 1111 111 1111111 1 como in ogualm 11
111111 11111111 11111 (1111111111, 111 1111111111 1111111010

 

