318 311133111”33113 113313 33131113

33331313 31 endere 3333111313 11 3313. esser 3311311 3 1133113133
1113 31· 1313331, 33313 11111 13113 3131331313 113113 3131313 33313
11 3313 3313313 3113 1331331313 3113113, 11 chenne 11313. Per
131311133313113113, 1133131311 11 331313 31 1333311313 33313
1331131133 33113 3113 13333 scendendc de 3113, 3 1113131 se
3311· 31111313 3113 33313 13133113 meno 13113 meno 3313313
3113333313 33113 1331331133 11333 3333 13 3131331133 1313-
133111313333313 13 33113,1113131, dico. 13131 33133333 131
33311133131 33113 nessune. 1113 33 311’ 311113 13113 33113 1131 33·
13313 solamente 13 33113 cedendo. con 1111133131 1313333333
minor 13133111 11 quelle 13113 33113,1311133311331313313 331-
63333313 3333313313 13113 13 1313311113113 33113, 133 33-
13133313 331331311333333313113 1313311111 1313113 33313 11
1313311113113 3313313 13113 31333; 313113 1313313111 33111
3333113333 333 111 31111 11 13133111, 313 13333 333313333 con
3113, 11 33133 33131111333133 1111313133 31311 11 13133111
13113 33113, 3 331331313 13333 3331 11 33133 311311113 33133
dic, ed essendo 11 cedere 33133 333,11331333131 33131113
33313 1111313113 1’ 131313 33133333 13113 13133111 13111 gredi
serebbe 333113 3113 3313313333 33313 13 311133 3113 311113 ce·
13333. 1331131313 313 11 discorso 3113 33133333 13113 berte.
mentre 11 3313 3313 13 311313 13113 d 1113, 3 13 3333313 ⁶.)‚e
13 13113 un 331 1113 3111133313 113113 113113, 13 percusse 113133-
3333 1131133311, 3 13 311313 3111 1311313 13113 3333111331333-
conde 3111 113113 13113, 33333113 3113 13 3313313 113113 d 1113
3111 13111313111 13133111 131 311133 33133 3113 le seconde, 3
1313313 d 3111 1311313 13113 13113,333133113113 che 133113 11 133·’
313 3111 1111313313 131131331331133131331111.83133333 11 133113
131313 131 3313 3113 prime pernosse, ed il 13333 cedere 3113
3333313, 3 13333 3333 3113 13113, 3 3331 3331313 3331133313-
133313, e 3331333 3113 men 131113 313 11 311133 33133 1131 se·
cend0‚e 1313313 131 13113, che 31313113113 1 3113 313333 quen·
11111 11 3333 313113 31 113313111 331 13 prime 33331313 131131
1113, 3 che 133331313 3311133331 33113 seconde enceinte 13113Ι
due 1113, 3 133331313 333313 331 le 131133 3313313 3111 3 3111
33311311313313313, 3333313 che 13 33331313 si venno diminuendo
33113 11113131111331 13113 3313313 1131 3313, che 1 131331331113

 

