11111111 1111111. 9911

5111011111111111111. 111 segniti V. S. 111 grazia
111 1111111111 gii 1111111 considerare sompno 11 antecedenti
11111111111111 1111 111111111111 111111 mi 1111 ohe 11111111
11111 1 111 11 discorso 1111111 1* 111111111111.

8111. 8111111111 1111111 1111111111111, 1111111111111111

11111111111 1111111’111111111 quaiiro 11111111111111111 ’
1111 11111111111111, 1111111111. Quando 11 primo, 11111111
1111 1111111 11 1111111111 1111111111111 1111 111111111111111-
11, 1111111111 11 1111111111 ni 1111111111 11111111 1111 1111
1111111111 111111, 111111 1’ 1111111 1111 in 1111111 1111 11111111
11 1111111111 1111οηί111 111111111 111111111111111. Gon
11111111 111111111111111111 111111 11 11111111111 1111111111, 1
11111 noni: ,
f 111 qnando· 11 prima grandem 1111111111111111111111
1111111 1111 1111 1111111111 111111 11111111 1111 11111111 11
1111111111 1111111ιὶ111 1111 111 11 111111111111111.11111111-
giio 1111 1111111111111111111.111111 orinia 1111111 mog·
gion proportione 11111111111 di 1111111 1111 111 11 11111 1111
quanio. ,
8111. Bono: 1111111111 11 prima 11111 minoio di quoi
ohe 1111 1111111111 11111 11111111 1111 1111111 1111111111-
11111 111111111111111 11111 11111 11111111111”

Snnv. 11111111 11 primasio minor 11 1111111111 si 111111111-
111111 oet 1111 1111 1111111111111111111111111 111111111111111
111 11 11111 1111 11111111, 1111 11111 11111111 1111 11 11111 11
1111111111 ginno, 11111111111111111 quein 111 111111-
1111111111 111 11 prima 1111 Ι11111111. Poro 11 1111111 1111
1111111 V. S. 11 11111111 di 11111111 11111111 1111111 modo. 1
o’imgini 1111 1111111 1111111111.111111111 11111 1 111111,
111111111 111111111111, 111111· 11111, 1111 11111 oriona
1111111111. S. io rinonga ne'iuoghi 11111 11111 1 11111
quarta. · · .
¹ 5111. Fin’oro 1111111 111111111111111111111 11 1181
1111111111111111 11 1111111111 111 principio 1111 11111111-
1111111111111111111111. 1111111111 11111111 11 111 mom 111
1111111111 1111111111 111 11111 1111111, 111111111111111111
conquesti suoi prinoipj 111111 11 111111111111111111,11111111

 

