31331313 13113, 83 Ι

11 31 1111313, me voglio che 11 3333131113 1131133333 33333
13331313331133313 di 3113, 13 quale, dovendo cedere 3113 33-
31311333313 33333, e 13113 3113 31 comprima. 83131311 dun·
que 3111 3313333113 313 3333111113, 3113 3313 senza 133113 113-
13333 11 33 33 33111 mettere 1113 333111 (13113 133313 1131
113333, 1331133133113 11133313 3 (111133311331313313313 31 3331;
11 3113 13113, tenendo 11 1333 331 3311313 33, 31 33131331313113
dendo l· 333113 3113113,113113 quale ne 33333311 13313 313-
sumente 333313 ὸ 1· aeque 333131313 331 1133331133113 3113
313 1311331 13131 3331131311 1333 13 1113331311 quale 331
13 3311113 (1311 3113 31 1131311 31133331113;313113113131333-
1133333311 3333 3333111331333333113313 13 3131111 di 13313
3113, 333313 e 1 aeque 1131113333.

Sue. Gn 31111111311131311 113 131 333 31 33111113 3113 333
31133 3311111 3 133113 1333333311 ma mentre 311 3313 3113 13
333313333 11333131313 3311131331333311·1313113113, 311 31311333
331 33 3111313133 13 3331331333. 1333133311 essendo indu-
111131111313313 1313 3113 311 elementi 33113 3133113 regioni 333
3333 3111331311 ne 31311, 333 33333 intendere come, 11313
333113 33111333 113113 3113 33113 33333331. 3.,3331113111331·
medi 1333,(1311113 331 1331133313 3131 131 31311111 33113113, ⁴·
33113 33113 1133 13 11113331313333113 13 3331133333111333111

mi 3313 ’3133 1· 3333113333 (1313333 esser 313113313 333 3311313-
1333131311’3113,’133 13 33 mezzo (1313 13113 313333 3313333 3331-
311313 11 3331313313 1131 3333, 33 3113 1313133313 33 33331313.

8331. 113313 331131 133333131333 del 81381313113111, 3
33111 11 3333333113 0 che 3113 313 1333131113 3 3113 13 331331333
313 333 1333 3311113. 11113333113113, 13 33313 3331313333 313-
31111 333313 333313 333113 1333, 33313 13 11113111 331-333313-
133313 333 313 ’3111 331 333313, ma 31 ben 13 1333, e 3333· 31113·
11331333 3 33111 331 131 1313 3333113333 333133113 3133331333
13333 3 un mezzo, dove 13113 333 men 311313 1333 3313333
31311131313313111, 33313 3111 13113 31 e detto, 11 mezzo (131133 ,

(1313333113331 materia che vi 3· immerge, 13313 quantoe 11
3333 1131113113313 33113 ’(13111313333 mezzo, quantoe 13 13313
1333133131 3113 1’ 3113 3113113 131313113 13 313111111333-
1331333133333, 331111 13333 13113 33313333133331311311113

 

